18842212888
18842212777
18842212666
18842212555
18842212444
18842212222
18842212111
14030101
14030102
14030103
14030104
14030105
14030106
14030107
14030108
14030109
14030110
14030111
14030112
14030113
14030114
14030115
14030116
14030117
14030118
14030119
14030120
14030121
14030122
14030123
14030124
14030125
14030301
14030302
14030303
14030304
14030305
14030306
14030307
14030308
14030309
14030310
14030311
14030312
14030313
14030314
14030315
14030316
14030317
14030318
14030319
14030320
14030321
14030322
14030323
14030324
14030325
18688681666
18688681667
18688681668
18688681669
18688681670
18688681671
18688681672
18688681673
18688681674
18688681675
18688681676
18688681677
18688681678
18688681679
18688681680
18688681682
18688681683
18688681684
18688681685
18688681686
18688681687
18688681688
18688681689
18688681690
18688681691
18688681728
18688681729
18688681730
18688681731
18688681732
18688681733
18688681734
18688681735
18688681736
18688681737
18688681738
18688681739
18688681740
18688681741
18688681742
18688681743
18688681744
18688681745
18688681746
18688681747
18688681748
18688681749
18688681750
18688681751
18688681752
14030326